0	3
1	6
2	3
3	10
4	1
5	7
6	8
7	5
8	2
9	7
10	4
11	9
12	6
13	4
14	9
15	7
16	6
17	6
18	6
19	6
20	7
21	10
22	5
23	10
24	8
25	8
26	5
27	5
28	12
29	4
30	13
31	9
32	3
33	5
34	9
35	4
36	12
37	10
38	11
39	7
40	7
41	9
42	4
43	7
44	7
45	6
46	7
47	13
48	7
49	5
50	5
51	10
52	3
53	1
54	8
55	4
56	6
57	7
58	2
59	4
60	4
61	8
62	9
63	5
64	4
65	5
66	7
67	7
68	3
69	6
70	9
71	7
72	5
73	9
74	7
75	6
76	7
77	5
78	10
79	4
80	2
81	7
82	7
83	6
84	4
85	10
86	8
87	3
88	5
89	4
90	6
91	8
92	4
93	8
94	6
95	11
96	9
97	5
98	9
99	6
100	6
101	3
102	10
103	8
104	5
105	8
106	9
107	3
108	7
109	8
110	5
111	5
112	4
113	1
114	9
115	9
116	4
117	7
118	8
119	6
120	4
121	5
122	6
123	6
124	6
125	12
126	6
127	5
128	5
129	2
130	8
131	3
132	10
133	11
134	3
135	8
136	4
137	10
138	8
139	4
140	6
141	7
142	2
143	9
144	5
145	7
146	4
147	5
148	2
149	8
150	6
151	5
152	6
153	4
154	6
155	6
156	5
157	10
158	4
159	8
160	5
161	9
162	9
163	7
164	5
165	6
166	3
167	3
168	7
169	6
170	10
171	3
172	4
173	5
174	4
175	4
176	7
177	5
178	17
179	8
180	6
181	6
182	10
183	5
184	9
185	11
186	6
187	14
188	7
189	8
190	11
191	6
192	5
193	8
194	6
195	9
196	4
197	8
198	8
199	7
200	11
201	6
202	7
203	3
204	4
205	6
206	7
207	8
208	2
209	7
210	7
211	6
212	13
213	10
214	7
215	9
216	8
217	8
218	10
219	2
220	6
221	8
222	6
223	6
224	4
225	3
226	8
227	8
228	8
229	9
230	13
231	10
232	5
233	8
234	4
235	2
236	6
237	4
238	6
239	2
240	9
241	9
242	5
243	2
244	3
245	8
246	2
247	11
248	8
249	3
250	4
251	6
252	10
253	5
254	4
255	4
256	3
257	3
258	5
259	4
260	11
261	3
262	6
263	12
264	7
265	5
266	4
267	15
268	3
269	12
270	6
271	6
272	5
273	8
274	4
275	11
276	4
277	5
278	7
279	5
280	6
281	5
282	6
283	3
284	6
285	4
286	3
287	4
288	9
289	6
290	8
291	2
292	4
293	7
294	7
295	6
296	6
297	2
298	6
299	7
300	4
301	5
302	10
303	4
304	6
305	4
306	10
307	8
308	12
309	7
310	5
311	10
312	7
313	4
314	3
315	8
316	10
317	9
318	4
319	7
320	12
321	2
322	9
323	6
324	9
325	6
326	4
327	3
328	4
329	8
330	12
331	4
332	10
333	7
334	6
335	6
336	7
337	2
338	7
339	9
340	2
341	5
342	9
343	10
344	8
345	5
346	6
347	4
348	6
349	6
350	8
351	4
352	5
353	7
354	6
355	8
356	2
357	5
358	9
359	5
360	5
361	10
362	10
363	3
364	8
365	8
366	4
367	4
368	9
369	4
370	5
371	10
372	6
373	7
374	8
375	5
376	5
377	10
378	5
379	4
380	10
381	7
382	6
383	10
384	2
385	3
386	2
387	5
388	2
389	4
390	5
391	11
392	5
393	8
394	8
395	6
396	3
397	8
398	2
399	6
400	8
401	7
402	4
403	5
404	13
405	11
406	2
407	2
408	6
409	1
410	4
411	7
412	12
413	5
414	8
415	8
416	2
417	5
418	7
419	7
420	6
421	4
422	8
423	4
424	8
425	8
426	7
427	8
428	4
429	4
430	5
431	8
432	8
433	9
434	6
435	5
436	9
437	3
438	8
439	6
440	6
441	7
442	4
443	9
444	4
445	6
446	2
447	5
448	8
449	14
450	10
451	5
452	8
453	5
454	5
455	13
456	3
457	7
458	4
459	5
460	3
461	11
462	4
463	5
464	9
465	4
466	3
467	4
468	4
469	5
470	6
471	11
472	2
473	8
474	9
475	9
476	8
477	7
478	11
479	8
480	5
481	5
482	4
483	14
484	3
485	9
486	3
487	6
488	6
489	6
490	6
491	9
492	5
493	5
494	4
495	5
496	6
497	8
498	6
499	7
500	7
501	11
502	5
503	8
504	6
505	7
506	9
507	4
508	8
509	6
510	7
511	6
512	2
513	12
514	7
515	6
516	5
517	10
518	8
519	9
520	6
521	7
522	6
523	2
524	4
525	12
526	5
527	14
528	5
529	7
530	5
531	5
532	4
533	5
534	7
535	9
536	7
537	9
538	3
539	6
540	7
541	3
542	8
543	3
544	5
545	7
546	8
547	6
548	4
549	2
550	5
551	5
552	3
553	5
554	5
555	6
556	8
557	7
558	1
559	6
560	4
561	11
562	4
563	7
564	4
565	7
566	33
567	10
568	6
569	8
570	6
571	3
572	3
573	5
574	6
575	6
576	6
577	8
578	3
579	4
580	8
581	5
582	8
583	8
584	5
585	8
586	11
587	8
588	8
589	7
590	8
591	5
592	11
593	5
594	10
595	3
596	10
597	8
598	8
599	4
600	3
601	5
602	6
603	3
604	4
605	6
606	9
607	4
608	10
609	4
610	2
611	9
612	4
613	85
614	7
615	5
616	7
617	5
618	6
619	7
620	5
621	8
622	3
623	8
624	6
625	4
626	5
627	3
628	6
629	2
630	8
631	6
632	8
633	5
634	6
635	7
636	8
637	9
638	3
639	3
640	4
641	4
642	6
643	6
644	8
645	4
646	6
647	7
648	12
649	3
650	6
651	11
652	5
653	10
654	7
655	11
656	5
657	5
658	8
659	7
660	7
661	4
662	9
663	5
664	10
665	6
666	5
667	5
668	4
669	9
670	12
671	8
672	9
673	8
674	7
675	3
676	8
677	6
678	6
679	5
680	8
681	9
682	6
683	7
684	3
685	3
686	4
687	4
688	3
689	5
690	7
691	12
692	4
693	11
694	8
695	5
696	2
697	8
698	8
699	7
700	9
701	10
702	5
703	10
704	9
705	5
706	9
707	5
708	5
709	5
710	8
711	10
712	6
713	7
714	9
715	9
716	7
717	11
718	8
719	9
720	5
721	8
722	1
723	9
724	7
725	4
726	7
727	10
728	3
729	5
730	2
731	10
732	6
733	10
734	5
735	3
736	21
737	7
738	3
739	8
740	9
741	3
742	8
743	10
744	6
745	3
746	10
747	5
748	7
749	5
750	10
751	2
752	3
753	3
754	5
755	3
756	6
757	6
758	10
759	9
760	9
761	5
762	7
763	5
764	6
765	11
766	5
767	4
768	4
769	11
770	4
771	9
772	4
773	8
774	5
775	8
776	3
777	7
778	8
779	7
780	2
781	9
782	1
783	7
784	9
785	7
786	7
787	3
788	5
789	5
790	10
791	5
792	3
793	0
794	9
795	3
796	6
797	4
798	15
799	2
800	4
801	1
802	7
803	12
804	7
805	6
806	7
807	8
808	8
809	7
810	9
811	7
812	7
813	8
814	2
815	6
816	3
817	13
818	5
819	6
820	11
821	6
822	7
823	10
824	8
825	7
826	8
827	5
828	10
829	6
830	8
831	3
832	3
833	4
834	12
835	4
836	4
837	7
838	8
839	8
840	8
841	11
842	5
843	5
844	6
845	8
846	6
847	6
848	1
849	7
850	6
851	6
852	12
853	8
854	4
855	7
856	11
857	3
858	2
859	6
860	7
861	9
862	6
863	7
864	6
865	7
866	8
867	2
868	7
869	10
870	5
871	3
872	5
873	6
874	8
875	7
876	3
877	6
878	8
879	6
880	3
881	8
882	4
883	8
884	9
885	4
886	7
887	5
888	5
889	3
890	7
891	3
892	3
893	3
894	6
895	8
896	7
897	6
898	6
899	8
900	9
901	6
902	7
903	5
904	7
905	7
906	10
907	6
908	4
909	11
910	6
911	11
912	7
913	0
914	5
915	8
916	9
917	11
918	12
919	8
920	2
921	6
922	8
923	5
924	8
925	13
926	6
927	7
928	2
929	6
930	10
931	9
932	4
933	4
934	0
935	6
936	4
937	7
938	11
939	7
940	8
941	6
942	2
943	3
944	5
945	2
946	4
947	9
948	45
949	6
950	5
951	4
952	4
953	4
954	6
955	6
956	7
957	8
958	6
959	5
960	7
961	12
962	6
963	4
964	7
965	3
966	6
967	12
968	4
969	10
970	6
971	7
972	8
973	3
974	8
975	7
976	8
977	7
978	8
979	2
980	1
981	4
982	4
983	12
984	6
985	6
986	7
987	9
988	6
989	5
990	8
991	7
992	8
993	11
994	8
995	6
996	8
997	6
998	7
999	5
1000	4
1001	6
1002	11
1003	5
1004	9
1005	4
1006	6
1007	5
1008	3
1009	5
1010	5
1011	10
1012	2
1013	15
1014	12
1015	7
1016	8
1017	7
1018	5
1019	4
1020	4
1021	6
1022	6
1023	7
1024	10
1025	4
1026	8
1027	4
1028	7
1029	3
1030	2
1031	9
1032	7
1033	5
1034	7
1035	5
1036	9
1037	7
1038	3
1039	7
1040	10
1041	6
1042	5
1043	8
1044	5
1045	7
1046	6
1047	8
1048	2
1049	4
1050	10
1051	6
1052	4
1053	11
1054	3
1055	4
1056	10
1057	7
1058	11
1059	2
1060	4
1061	10
1062	4
1063	9
1064	6
1065	8
1066	7
1067	6
1068	5
1069	7
1070	5
1071	6
1072	6
1073	3
1074	4
1075	14
1076	6
1077	11
1078	6
1079	7
1080	6
1081	6
1082	8
1083	6
1084	6
1085	8
1086	7
1087	5
1088	5
1089	7
1090	0
1091	7
1092	3
1093	5
1094	4
1095	9
1096	2
1097	5
1098	5
1099	8
1100	7
1101	8
1102	3
1103	8
1104	2
1105	5
1106	7
1107	6
1108	3
1109	6
1110	6
1111	2
1112	4
1113	6
1114	9
1115	5
1116	8
1117	5
1118	8
1119	10
1120	2
1121	7
1122	9
1123	8
1124	7
1125	11
1126	4
1127	9
1128	10
1129	5
1130	7
1131	11
1132	8
1133	5
1134	9
1135	7
1136	6
1137	9
1138	3
1139	10
1140	10
1141	6
1142	8
1143	6
1144	8
1145	5
1146	6
1147	10
1148	7
1149	5
1150	6
1151	7
1152	6
1153	3
1154	6
1155	9
1156	11
1157	8
1158	5
1159	10
1160	1
1161	6
1162	5
1163	6
1164	8
1165	8
1166	6
1167	5
1168	11
1169	4
1170	9
1171	8
1172	5
1173	3
1174	5
1175	5
1176	3
1177	7
1178	11
1179	8
1180	9
1181	5
1182	5
1183	10
1184	5
1185	3
1186	6
1187	10
1188	9
1189	6
1190	4
1191	6
1192	7
1193	7
1194	7
1195	6
1196	9
1197	4
1198	5
1199	14
1200	5
1201	8
1202	6
1203	11
1204	5
1205	7
1206	6
1207	5
1208	3
1209	7
1210	6
1211	3
1212	6
1213	3
1214	6
1215	5
1216	6
1217	9
1218	8
1219	6
1220	4
1221	6
1222	5
1223	4
1224	14
1225	10
1226	4
1227	5
1228	5
1229	7
1230	5
1231	8
1232	2
1233	9
1234	7
1235	3
1236	8
1237	5
1238	7
1239	4
1240	11
1241	5
1242	8
1243	4
1244	4
1245	5
1246	13
1247	5
1248	4
1249	5
1250	5
1251	9
1252	9
1253	3
1254	9
1255	3
1256	7
1257	7
1258	3
1259	4
1260	6
1261	7
1262	4
1263	9
1264	3
1265	5
1266	6
1267	5
1268	4
1269	4
1270	2
1271	7
1272	8
1273	4
1274	6
1275	7
1276	8
1277	8
1278	12
1279	5
1280	5
1281	8
1282	6
1283	6
1284	8
1285	7
1286	9
1287	5
1288	8
1289	5
1290	9
1291	4
1292	7
1293	4
1294	4
1295	2
1296	5
1297	4
1298	9
1299	8
1300	3
1301	7
1302	7
1303	8
1304	3
1305	5
1306	6
1307	3
1308	7
1309	2
1310	6
1311	4
1312	9
1313	7
1314	12
1315	6
1316	7
1317	2
1318	8
1319	6
1320	10
1321	6
1322	8
1323	5
1324	7
1325	6
1326	4
1327	3
1328	8
1329	6
1330	6
1331	6
1332	6
1333	6
1334	2
1335	5
1336	8
1337	8
1338	7
1339	7
1340	8
1341	5
1342	7
1343	6
1344	5
1345	7
1346	8
1347	7
1348	6
1349	6
1350	6
1351	3
1352	11
1353	5
1354	11
1355	9
1356	11
1357	8
1358	12
1359	4
1360	2
1361	14
1362	6
1363	10
1364	4
1365	3
1366	5
1367	8
1368	4
1369	11
1370	7
1371	4
1372	3
1373	9
1374	9
1375	7
1376	6
1377	7
1378	39
1379	5
1380	11
1381	3
1382	9
1383	5
1384	1
1385	5
1386	8
1387	4
1388	4
1389	6
1390	3
1391	5
1392	9
1393	8
1394	3
1395	11
1396	4
1397	0
1398	4
1399	6
1400	6
1401	4
1402	6
1403	12
1404	6
1405	6
1406	8
1407	11
1408	12
1409	9
1410	6
1411	7
1412	1
1413	3
1414	6
1415	11
1416	6
1417	5
1418	5
1419	8
1420	2
1421	6
1422	5
1423	8
1424	11
1425	7
1426	5
1427	10
1428	4
1429	6
1430	7
1431	5
1432	6
1433	7
1434	5
1435	4
1436	9
1437	5
1438	5
1439	16
1440	5
1441	11
1442	7
1443	9
1444	6
1445	4
1446	7
1447	5
1448	3
1449	14
1450	3
1451	6
1452	5
1453	5
1454	9
1455	5
1456	8
1457	8
1458	7
1459	11
1460	4
1461	4
1462	11
1463	4
1464	8
1465	3
1466	3
1467	5
1468	5
1469	4
1470	11
1471	7
1472	7
1473	4
1474	7
1475	9
1476	5
1477	8
1478	3
1479	5
1480	5
1481	2
1482	10
1483	6
1484	5
1485	4
1486	3
1487	5
1488	8
1489	5
1490	3
1491	3
1492	4
1493	10
1494	6
1495	7
1496	6
1497	13
1498	5
1499	3
1500	3
1501	11
1502	5
1503	10
1504	5
1505	12
1506	11
1507	2
1508	9
1509	8
1510	4
1511	6
1512	8
1513	3
1514	10
1515	5
1516	3
1517	8
1518	5
1519	6
1520	8
1521	3
1522	8
1523	4
1524	5
1525	5
1526	6
1527	12
1528	3
1529	10
1530	7
1531	3
1532	7
1533	84
1534	3
1535	4
1536	5
1537	4
1538	13
1539	5
1540	8
1541	7
1542	7
1543	9
1544	3
1545	4
1546	16
1547	7
1548	9
1549	16
1550	12
1551	3
1552	11
1553	12
1554	9
1555	6
1556	5
1557	1
1558	6
1559	4
1560	14
1561	6
1562	7
1563	5
1564	4
1565	7
1566	6
1567	10
1568	4
1569	8
1570	5
1571	4
1572	4
1573	7
1574	7
1575	2
1576	7
1577	6
1578	6
1579	10
1580	7
1581	4
1582	8
1583	9
1584	12
1585	10
1586	111
1587	4
1588	4
1589	4
1590	9
1591	2
1592	6
1593	9
1594	5
1595	5
1596	8
1597	5
1598	9
1599	4
1600	5
1601	4
1602	8
1603	7
1604	6
1605	12
1606	4
1607	4
1608	11
1609	3
1610	2
1611	6
1612	6
1613	9
1614	5
1615	8
1616	8
1617	6
1618	8
1619	8
1620	3
1621	4
1622	6
1623	8
1624	10
1625	8
1626	5
1627	10
1628	2
1629	9
1630	4
1631	6
1632	11
1633	8
1634	7
1635	4
1636	4
1637	7
1638	6
1639	7
1640	6
1641	13
1642	4
1643	8
1644	9
1645	9
1646	7
1647	5
1648	4
1649	5
1650	8
1651	7
1652	6
1653	3
1654	6
1655	10
1656	9
1657	8
1658	3
1659	8
1660	9
1661	8
1662	8
1663	6
1664	7
1665	4
1666	4
1667	7
1668	4
1669	6
1670	1
1671	4
1672	13
1673	6
1674	8
1675	6
1676	5
1677	7
1678	6
1679	9
1680	6
1681	9
1682	5
1683	5
1684	7
1685	6
1686	6
1687	7
1688	5
1689	5
1690	8
1691	1
1692	6
1693	9
1694	4
1695	3
1696	5
1697	5
1698	5
1699	4
1700	10
1701	6
1702	5
1703	3
1704	6
1705	8
1706	5
1707	9
1708	6
1709	9
1710	9
1711	9
1712	4
1713	6
1714	5
1715	4
1716	6
1717	6
1718	7
1719	6
1720	5
1721	1
1722	12
1723	8
1724	6
1725	6
1726	5
1727	9
1728	8
1729	8
1730	2
1731	7
1732	8
1733	8
1734	5
1735	7
1736	6
1737	6
1738	6
1739	2
1740	5
1741	9
1742	6
1743	5
1744	3
1745	7
1746	2
1747	6
1748	6
1749	10
1750	6
1751	9
1752	9
1753	8
1754	13
1755	6
1756	8
1757	3
1758	6
1759	6
1760	8
1761	5
1762	3
1763	7
1764	10
1765	6
1766	8
1767	10
1768	9
1769	10
1770	4
1771	9
1772	5
1773	4
1774	10
1775	6
1776	5
1777	4
1778	6
1779	4
1780	7
1781	7
1782	15
1783	5
1784	3
1785	6
1786	10
1787	6
1788	4
1789	6
1790	7
1791	8
1792	5
1793	4
1794	8
1795	4
1796	10
1797	7
1798	3
1799	5
1800	7
1801	6
1802	12
1803	10
1804	7
1805	5
1806	4
1807	5
1808	7
1809	6
1810	10
1811	9
1812	11
1813	8
1814	9
1815	7
1816	4
1817	9
1818	8
1819	7
1820	7
1821	10
1822	4
1823	8
1824	7
1825	5
1826	2
1827	7
1828	9
1829	13
1830	6
1831	1
1832	4
1833	5
1834	2
1835	5
1836	2
1837	6
1838	3
1839	11
1840	7
1841	6
1842	6
1843	10
1844	5
1845	5
1846	4
1847	7
1848	4
1849	7
1850	8
1851	11
1852	12
1853	7
1854	7
1855	9
1856	4
1857	2
1858	5
1859	7
1860	6
1861	6
1862	6
1863	6
1864	4
1865	6
1866	1
1867	4
1868	5
1869	8
1870	12
1871	5
1872	2
1873	7
1874	3
1875	5
1876	4
1877	12
1878	8
1879	5
1880	4
1881	8
1882	6
1883	6
1884	4
1885	6
1886	7
1887	6
1888	3
1889	8
1890	7
1891	4
1892	8
1893	8
1894	8
1895	5
1896	7
1897	6
1898	8
1899	6
1900	12
1901	6
1902	6
1903	12
1904	5
1905	7
1906	8
1907	10
1908	7
1909	8
1910	13
1911	8
1912	2
1913	36
1914	4
1915	5
1916	5
1917	13
1918	5
1919	10
1920	6
1921	8
1922	4
1923	5
1924	8
1925	3
1926	6
1927	6
1928	13
1929	8
1930	5
1931	4
1932	6
1933	6
1934	11
1935	7
1936	7
1937	8
1938	8
1939	2
1940	4
1941	6
1942	4
1943	6
1944	6
1945	6
1946	8
1947	10
1948	9
1949	6
1950	4
1951	9
1952	2
1953	3
1954	9
1955	6
1956	3
1957	13
1958	3
1959	9
1960	6
1961	5
1962	7
1963	7
1964	6
1965	5
1966	5
1967	4
1968	9
1969	7
1970	10
1971	5
1972	5
1973	6
1974	5
1975	12
1976	5
1977	3
1978	9
1979	5
1980	5
1981	6
1982	7
1983	6
1984	7
1985	7
1986	5
1987	4
1988	6
1989	8
1990	10
1991	10
1992	6
1993	12
1994	3
1995	6
1996	8
1997	11
1998	2
1999	9
2000	10
2001	5
2002	8
2003	3
2004	3
2005	5
2006	8
2007	10
2008	8
2009	9
2010	6
2011	5
2012	11
2013	6
2014	6
2015	15
2016	9
2017	6
2018	6
2019	6
2020	3
2021	11
2022	8
2023	2
2024	4
2025	4
2026	5
2027	9
2028	8
2029	3
2030	7
2031	9
2032	5
2033	10
2034	7
2035	6
2036	8
2037	6
2038	5
2039	8
2040	11
2041	13
2042	12
2043	10
2044	7
2045	5
2046	6
2047	5
2048	7
2049	5
2050	2
2051	10
2052	5
2053	6
2054	8
2055	5
2056	4
2057	9
2058	7
2059	9
2060	5
2061	5
2062	5
2063	2
2064	7
2065	4
2066	2
2067	6
2068	10
2069	12
2070	6
2071	7
2072	3
2073	5
2074	5
2075	13
2076	8
2077	3
2078	7
2079	7
2080	7
2081	6
2082	7
2083	5
2084	5
2085	5
2086	11
2087	11
2088	6
2089	4
2090	6
2091	8
2092	6
2093	4
2094	6
2095	7
2096	7
2097	5
2098	6
2099	8
2100	4
2101	3
2102	8
2103	6
2104	5
2105	6
2106	5
2107	6
2108	5
2109	4
2110	5
2111	3
2112	10
2113	6
2114	8
2115	9
2116	3
2117	13
2118	7
2119	7
2120	9
2121	6
2122	1
2123	7
2124	9
2125	7
2126	7
2127	9
2128	7
2129	7
2130	5
2131	4
2132	4
2133	8
2134	7
2135	7
2136	6
2137	6
2138	14
2139	4
2140	5
2141	8
2142	4
2143	8
2144	7
2145	7
2146	13
2147	8
2148	6
2149	2
2150	5
2151	5
2152	11
2153	10
2154	8
2155	10
2156	9
2157	6
2158	4
2159	6
2160	11
2161	9
2162	6
2163	5
2164	2
2165	11
2166	7
2167	11
2168	11
2169	7
2170	4
2171	5
2172	5
2173	12
2174	8
2175	7
2176	8
2177	5
2178	4
2179	8
2180	2
2181	5
2182	7
2183	9
2184	4
2185	8
2186	29
2187	6
2188	4
2189	3
2190	4
2191	7
2192	8
2193	9
2194	3
2195	5
2196	8
2197	11
2198	3
2199	4
2200	6
2201	3
2202	8
2203	5
2204	7
2205	5
2206	3
2207	51
2208	6
2209	4
2210	6
2211	4
2212	6
2213	8
2214	3
2215	70
2216	6
2217	8
2218	6
2219	8
2220	9
2221	5
2222	5
2223	2
2224	4
2225	5
2226	5
2227	3
2228	2
2229	2
2230	7
2231	6
2232	5
2233	4
2234	3
2235	6
2236	14
2237	4
2238	7
2239	8
2240	6
2241	7
2242	8
2243	6
2244	2
2245	4
2246	6
2247	13
2248	10
2249	5
2250	7
2251	6
2252	9
2253	4
2254	8
2255	11
2256	2
2257	8
2258	1
2259	5
2260	6
2261	5
2262	11
2263	5
2264	2
2265	5
2266	5
2267	7
2268	10
2269	8
2270	7
2271	6
2272	6
2273	9
2274	7
2275	7
2276	1
2277	3
2278	4
2279	9
2280	5
2281	11
2282	1
2283	6
2284	4
2285	5
2286	7
2287	7
2288	8
2289	6
2290	13
2291	7
2292	8
2293	4
2294	11
2295	6
2296	3
2297	6
2298	4
2299	7
2300	4
2301	5
2302	3
2303	6
2304	4
2305	4
2306	11
2307	8
2308	7
2309	2
2310	6
2311	10
2312	3
2313	4
2314	6
2315	1
2316	7
2317	3
2318	6
2319	6
2320	9
2321	8
2322	5
2323	8
2324	8
2325	4
2326	2
2327	3
2328	8
2329	7
2330	7
2331	7
2332	5
2333	4
2334	5
2335	7
2336	12
2337	9
2338	9
2339	6
2340	4
2341	1
2342	6
2343	10
2344	12
2345	3
2346	7
2347	4
2348	6
2349	14
2350	7
2351	9
2352	9
2353	5
2354	7
2355	12
2356	8
2357	5
2358	9
2359	7
2360	12
2361	7
2362	5
2363	2
2364	12
2365	1
2366	1
2367	8
2368	10
2369	8
2370	6
2371	11
2372	6
2373	5
2374	7
2375	6
2376	7
2377	8
2378	7
2379	10
2380	4
2381	7
2382	8
2383	10
2384	3
2385	6
2386	5
2387	6
2388	10
2389	8
2390	4
2391	12
2392	9
2393	6
2394	8
2395	1
2396	5
2397	8
2398	7
2399	8
2400	7
2401	2
2402	7
2403	8
2404	9
2405	6
2406	6
2407	7
2408	5
2409	5
2410	12
2411	10
2412	8
2413	11
2414	8
2415	4
2416	1
2417	6
2418	10
2419	6
2420	9
2421	4
2422	4
2423	2
2424	7
2425	4
2426	10
2427	4
2428	10
2429	6
2430	4
2431	6
2432	8
2433	5
2434	8
2435	8
2436	3
2437	5
2438	7
2439	4
2440	4
2441	7
2442	6
2443	7
2444	6
2445	4
2446	5
2447	13
2448	3
2449	7
2450	4
2451	7
2452	3
2453	9
2454	6
2455	10
2456	7
2457	8
2458	12
2459	10
2460	6
2461	1
2462	11
2463	4
2464	8
2465	4
2466	6
2467	11
2468	7
2469	1
2470	9
2471	10
2472	7
2473	7
2474	4
2475	8
2476	10
2477	4
2478	6
2479	5
2480	6
2481	8
2482	8
2483	5
2484	6
2485	7
2486	9
2487	7
2488	9
2489	6
2490	6
2491	5
2492	5
2493	7
2494	6
2495	10
2496	1
2497	11
2498	3
2499	4
2500	4
2501	6
2502	13
2503	10
2504	1
2505	11
2506	5
2507	6
2508	10
2509	5
2510	6
2511	11
2512	5
2513	7
2514	8
2515	5
2516	8
2517	7
2518	7
2519	7
2520	9
2521	6
2522	5
2523	6
2524	8
2525	5
2526	6
2527	9
2528	5
2529	6
2530	4
2531	4
2532	5
2533	4
2534	7
2535	3
2536	3
2537	5
2538	6
2539	8
2540	6
2541	6
2542	7
2543	8
2544	4
2545	11
2546	4
2547	9
2548	4
2549	7
2550	8
2551	11
2552	6
2553	10
2554	8
2555	10
2556	6
2557	4
2558	5
2559	9
2560	4
2561	10
2562	6
2563	5
2564	6
2565	7
2566	1
2567	10
2568	9
2569	6
2570	8
2571	5
2572	6
2573	6
2574	8
2575	6
2576	5
2577	6
2578	13
2579	2
2580	7
2581	8
2582	6
2583	10
2584	4
2585	8
2586	5
2587	11
2588	8
2589	4
2590	5
2591	2
2592	2
2593	3
2594	7
2595	10
2596	6
2597	5
2598	6
2599	6
2600	5
2601	5
2602	6
2603	6
2604	7
2605	2
2606	11
2607	6
2608	8
2609	4
2610	7
2611	2
2612	9
2613	8
2614	1
2615	15
2616	4
2617	5
2618	4
2619	7
2620	5
2621	2
2622	6
2623	9
2624	2
2625	7
2626	4
2627	8
2628	10
2629	7
2630	9
2631	6
2632	4
2633	8
2634	4
2635	8
2636	5
2637	8
2638	6
2639	7
2640	10
2641	4
2642	5
2643	9
2644	6
2645	8
2646	4
2647	4
2648	2
2649	5
2650	7
2651	7
2652	5
2653	8
2654	6
2655	11
2656	6
2657	5
2658	5
2659	6
2660	3
2661	7
2662	4
2663	10
2664	5
2665	6
2666	4
2667	6
2668	9
2669	6
2670	4
2671	4
2672	8
2673	7
2674	8
2675	6
2676	7
2677	6
2678	5
2679	5
2680	5
2681	6
2682	9
2683	5
2684	7
2685	5
2686	5
2687	4
2688	38
2689	4
2690	4
2691	7
2692	5
2693	6
2694	4
2695	6
2696	4
2697	7
2698	5
2699	7
2700	7
2701	5
2702	2
2703	6
2704	9
2705	8
2706	7
2707	4
2708	6
2709	5
2710	1
2711	7
2712	2
2713	5
2714	7
2715	5
2716	4
2717	5
2718	8
2719	18
2720	9
2721	2
2722	9
2723	6
2724	7
2725	3
2726	9
2727	5
2728	5
2729	6
2730	7
2731	6
2732	7
2733	2
2734	9
2735	6
2736	5
2737	6
2738	7
2739	2
2740	5
2741	2
2742	4
2743	11
2744	8
2745	14
2746	8
2747	5
2748	8
2749	5
2750	4
2751	9
2752	6
2753	4
2754	18
2755	3
2756	12
2757	6
2758	7
2759	8
2760	8
2761	5
2762	5
2763	5
2764	8
2765	10
2766	2
2767	4
2768	7
2769	7
2770	9
2771	4
2772	6
2773	9
2774	3
2775	10
2776	5
2777	4
2778	9
2779	7
2780	6
2781	2
2782	4
2783	12
2784	7
2785	6
2786	3
2787	3
2788	7
2789	11
2790	7
2791	9
2792	10
2793	7
2794	4
2795	6
2796	14
2797	7
2798	9
2799	10
2800	6
2801	6
2802	14
2803	5
2804	7
2805	4
2806	3
2807	5
2808	8
2809	8
2810	12
2811	4
2812	55
2813	5
2814	8
2815	6
2816	6
2817	5
2818	4
2819	8
2820	7
2821	3
2822	5
2823	1
2824	5
2825	10
2826	7
2827	7
2828	3
2829	4
2830	9
2831	3
2832	8
2833	6
2834	10
2835	7
2836	4
2837	5
2838	6
2839	12
2840	9
2841	6
2842	12
2843	9
2844	4
2845	7
2846	5
2847	4
2848	6
2849	8
2850	11
2851	7
2852	9
2853	9
2854	4
2855	10
2856	7
2857	9
2858	6
2859	3
2860	8
2861	5
2862	10
2863	5
2864	8
2865	6
2866	3
2867	5
2868	2
2869	6
2870	5
2871	8
2872	3
2873	6
2874	4
2875	3
2876	2
2877	7
2878	6
2879	12
2880	14
2881	3
2882	9
2883	7
2884	12
2885	6
2886	4
2887	5
2888	9
2889	3
2890	7
2891	6
2892	6
2893	5
2894	12
2895	7
2896	3
2897	4
2898	6
2899	5
2900	3
2901	6
2902	2
2903	5
2904	4
2905	7
2906	7
2907	5
2908	6
2909	12
2910	6
2911	12
2912	3
2913	6
2914	6
2915	8
2916	8
2917	5
2918	5
2919	7
2920	5
2921	3
2922	9
2923	4
2924	6
2925	5
2926	6
2927	5
2928	2
2929	5
2930	7
2931	10
2932	6
2933	5
2934	7
2935	3
2936	6
2937	3
2938	6
2939	11
2940	5
2941	7
2942	9
2943	12
2944	8
2945	8
2946	5
2947	1
2948	11
2949	7
2950	8
2951	6
2952	4
2953	6
2954	10
2955	6
2956	5
2957	4
2958	12
2959	7
2960	9
2961	6
2962	4
2963	7
2964	10
2965	9
2966	2
2967	5
2968	6
2969	9
2970	4
2971	9
2972	14
2973	2
2974	6
2975	6
2976	14
2977	4
2978	3
2979	5
2980	6
2981	5
2982	6
2983	4
2984	5
2985	6
2986	6
2987	5
2988	8
2989	8
2990	4
2991	7
2992	12
2993	5
2994	4
2995	3
2996	7
2997	9
2998	4
2999	6
3000	13
3001	4
3002	10
3003	4
3004	6
3005	2
3006	6
3007	8
3008	10
3009	5
3010	4
3011	3
3012	4
3013	7
3014	5
3015	6
3016	4
3017	7
3018	5
3019	10
3020	6
3021	8
3022	7
3023	8
3024	9
3025	5
3026	3
3027	5
3028	6
3029	10
3030	7
3031	8
3032	7
3033	11
3034	5
3035	5
3036	7
3037	8
3038	4
3039	7
3040	5
3041	11
3042	7
3043	10
3044	6
3045	7
3046	2
3047	3
3048	9
3049	5
3050	5
3051	2
3052	9
3053	7
3054	10
3055	7
3056	6
3057	3
3058	8
3059	6
3060	8
3061	7
3062	7
3063	2
3064	5
3065	5
3066	11
3067	4
3068	4
3069	4
3070	5
3071	9
3072	8
3073	7
3074	3
3075	9
3076	9
3077	5
3078	3
3079	7
3080	5
3081	5
3082	10
3083	9
3084	6
3085	5
3086	8
3087	3
3088	8
3089	5
3090	9
3091	7
3092	9
3093	12
3094	5
3095	4
3096	5
3097	8
3098	5
3099	3
3100	6
3101	7
3102	4
3103	14
3104	8
3105	6
3106	2
3107	7
3108	1
3109	7
3110	7
3111	8
3112	6
3113	2
3114	4
3115	9
3116	3
3117	4
3118	5
3119	11
3120	6
3121	7
3122	5
3123	8
3124	3
3125	6
3126	6
3127	10
3128	10
3129	9
3130	4
3131	7
3132	8
3133	6
3134	5
3135	4
3136	8
3137	7
3138	8
3139	4
3140	7
3141	6
3142	5
3143	7
3144	7
3145	3
3146	4
3147	6
3148	8
3149	6
3150	4
3151	7
3152	11
3153	10
3154	5
3155	6
3156	6
3157	4
3158	5
3159	10
3160	6
3161	7
3162	8
3163	6
3164	3
3165	2
3166	7
3167	15
3168	13
3169	7
3170	7
3171	7
3172	3
3173	5
3174	7
3175	4
3176	4
3177	6
3178	6
3179	6
3180	8
3181	7
3182	6
3183	5
3184	10
3185	7
3186	13
3187	5
3188	5
3189	6
3190	5
3191	6
3192	5
3193	6
3194	14
3195	5
3196	7
3197	11
3198	3
3199	8
3200	4
3201	6
3202	2
3203	9
3204	9
3205	11
3206	3
3207	6
3208	7
3209	7
3210	12
3211	8
3212	4
3213	9
3214	9
3215	10
3216	9
3217	4
3218	9
3219	5
3220	9
3221	16
3222	7
3223	5
3224	5
3225	4
3226	10
3227	4
3228	10
3229	5
3230	9
3231	8
3232	8
3233	3
3234	7
3235	9
3236	6
3237	7
3238	6
3239	7
3240	5
3241	4
3242	7
3243	4
3244	10
3245	7
3246	5
3247	3
3248	7
3249	6
3250	8
3251	8
3252	5
3253	7
3254	7
3255	5
3256	6
3257	6
3258	3
3259	8
3260	6
3261	7
3262	3
3263	10
3264	5
3265	2
3266	11
3267	4
3268	4
3269	3
3270	9
3271	7
3272	13
3273	7
3274	12
3275	7
3276	5
3277	13
3278	6
3279	4
3280	9
3281	6
3282	5
3283	8
3284	8
3285	2
3286	9
3287	4
3288	8
3289	8
3290	10
3291	5
3292	7
3293	7
3294	4
3295	2
3296	6
3297	8
3298	5
3299	11
3300	7
3301	8
3302	1
3303	9
3304	8
3305	9
3306	5
3307	10
3308	7
3309	6
3310	8
3311	8
3312	4
3313	5
3314	7
3315	5
3316	5
3317	12
3318	10
3319	3
3320	3
3321	5
3322	5
3323	4
3324	10
3325	6
3326	8
3327	7
3328	3
3329	3
3330	3
3331	2
3332	5
3333	11
3334	2
3335	6
3336	8
3337	3
3338	4
3339	6
3340	5
3341	9
3342	9
3343	5
3344	11
3345	9
3346	3
3347	9
3348	6
3349	2
3350	9
3351	11
3352	7
3353	10
3354	3
3355	4
3356	8
3357	4
3358	4
3359	11
3360	7
3361	5
3362	6
3363	7
3364	7
3365	6
3366	5
3367	6
3368	6
3369	5
3370	9
3371	5
3372	2
3373	8
3374	7
3375	1
3376	7
3377	4
3378	7
3379	10
3380	1
3381	5
3382	8
3383	5
3384	9
3385	7
3386	5
3387	4
3388	3
3389	6
3390	8
3391	8
3392	12
3393	6
3394	4
3395	6
3396	6
3397	1
3398	4
3399	4
3400	7
3401	5
3402	8
3403	7
3404	4
3405	5
3406	4
3407	8
3408	7
3409	7
3410	5
3411	5
3412	7
3413	8
3414	8
3415	9
3416	4
3417	10
3418	8
3419	8
3420	6
3421	4
3422	4
3423	7
3424	3
3425	7
3426	1
3427	5
3428	4
3429	6
3430	7
3431	7
3432	5
3433	9
3434	6
3435	6
3436	6
3437	2
3438	3
3439	13
3440	5
3441	10
3442	8
3443	7
3444	9
3445	3
3446	5
3447	6
3448	80
3449	2
3450	3
3451	6
3452	6
3453	7
3454	7
3455	3
3456	4
3457	6
3458	6
3459	8
3460	7
3461	5
3462	3
3463	2
3464	9
3465	5
3466	9
3467	9
3468	6
3469	2
3470	9
3471	3
3472	2
3473	6
3474	8
3475	9
3476	5
3477	9
3478	4
3479	8
3480	4
3481	8
3482	7
3483	9
3484	4
3485	10
3486	4
3487	8
3488	11
3489	4
3490	3
3491	11
3492	4
3493	14
3494	6
3495	1
3496	9
3497	5
3498	6
3499	8
3500	4
3501	6
3502	5
3503	8
3504	5
3505	2
3506	4
3507	9
3508	3
3509	6
3510	3
3511	6
3512	8
3513	7
3514	8
3515	3
3516	8
3517	4
3518	8
3519	4
3520	7
3521	5
3522	6
3523	7
3524	6
3525	5
3526	10
3527	7
3528	6
3529	9
3530	6
3531	8
3532	5
3533	8
3534	11
3535	9
3536	6
3537	5
3538	10
3539	6
3540	7
3541	6
3542	7
3543	4
3544	3
3545	10
3546	3
3547	8
3548	7
3549	9
3550	9
3551	7
3552	9
3553	7
3554	4
3555	3
3556	8
3557	3
3558	10
3559	6
3560	9
3561	6
3562	4
3563	6
3564	14
3565	5
3566	3
3567	4
3568	14
3569	10
3570	3
3571	4
3572	7
3573	3
3574	11
3575	8
3576	3
3577	9
3578	7
3579	8
3580	7
3581	6
3582	5
3583	7
3584	9
3585	4
3586	12
3587	16
3588	8
3589	7
3590	5
3591	7
3592	8
3593	10
3594	1
3595	9
3596	3
3597	10
3598	3
3599	6
3600	4
3601	5
3602	3
3603	7
3604	4
3605	3
3606	2
3607	3
3608	7
3609	3
3610	10
3611	4
3612	4
3613	7
3614	6
3615	5
3616	8
3617	9
3618	1
3619	8
3620	13
3621	9
3622	9
3623	8
3624	3
3625	8
3626	5
3627	7
3628	5
3629	5
3630	6
3631	6
3632	5
3633	7
3634	9
3635	5
3636	10
3637	8
3638	5
3639	12
3640	6
3641	3
3642	12
3643	5
3644	5
3645	4
3646	7
3647	8
3648	4
3649	2
3650	7
3651	3
3652	0
3653	6
3654	6
3655	7
3656	6
3657	7
3658	6
3659	5
3660	7
3661	10
3662	10
3663	5
3664	2
3665	8
3666	45
3667	4
3668	6
3669	6
3670	9
3671	7
3672	7
3673	4
3674	4
3675	6
3676	6
3677	8
3678	9
3679	5
3680	7
3681	5
3682	8
3683	7
3684	8
3685	10
3686	8
3687	7
3688	14
3689	6
3690	4
3691	6
3692	5
3693	4
3694	13
3695	5
3696	5
3697	3
3698	10
3699	4
3700	7
3701	4
3702	7
3703	6
3704	4
3705	10
3706	7
3707	6
3708	8
3709	8
3710	6
3711	5
3712	8
3713	14
3714	9
3715	6
3716	5
3717	6
3718	3
3719	9
3720	7
3721	7
3722	4
3723	10
3724	4
3725	6
3726	9
3727	5
3728	6
3729	10
3730	9
3731	4
3732	5
3733	8
3734	5
3735	8
3736	9
3737	7
3738	7
3739	7
3740	7
3741	7
3742	5
3743	8
3744	4
3745	9
3746	4
3747	7
3748	6
3749	5
3750	7
3751	3
3752	4
3753	6
3754	7
3755	7
3756	10
3757	8
3758	3
3759	12
3760	3
3761	3
3762	9
3763	11
3764	6
3765	12
3766	3
3767	8
3768	5
3769	11
3770	7
3771	8
3772	2
3773	4
3774	10
3775	5
3776	6
3777	8
3778	3
3779	4
3780	3
3781	5
3782	8
3783	4
3784	7
3785	6
3786	7
3787	6
3788	9
3789	3
3790	5
3791	3
3792	6
3793	7
3794	4
3795	14
3796	8
3797	6
3798	7
3799	2
3800	8
3801	4
3802	7
3803	6
3804	9
3805	7
3806	3
3807	12
3808	10
3809	9
3810	8
3811	9
3812	9
3813	6
3814	10
3815	8
3816	4
3817	8
3818	5
3819	6
3820	7
3821	11
3822	4
3823	7
3824	5
3825	4
3826	7
3827	8
3828	7
3829	2
3830	7
3831	2
3832	7
3833	12
3834	7
3835	6
3836	4
3837	8
3838	3
3839	9
3840	5
3841	5
3842	5
3843	4
3844	12
3845	2
3846	5
3847	7
3848	8
3849	4
3850	8
3851	7
3852	4
3853	7
3854	8
3855	6
3856	5
3857	10
3858	7
3859	4
3860	5
3861	4
3862	10
3863	7
3864	9
3865	8
3866	9
3867	3
3868	4
3869	14
3870	6
3871	10
3872	10
3873	7
3874	3
3875	4
3876	5
3877	6
3878	10
3879	11
3880	9
3881	8
3882	13
3883	9
3884	2
3885	3
3886	7
3887	13
3888	4
3889	5
3890	6
3891	7
3892	7
3893	7
3894	6
3895	9
3896	6
3897	4
3898	8
3899	8
3900	10
3901	7
3902	13
3903	5
3904	3
3905	13
3906	9
3907	8
3908	5
3909	6
3910	5
3911	4
3912	10
3913	9
3914	5
3915	10
3916	6
3917	3
3918	7
3919	10
3920	3
3921	5
3922	4
3923	7
3924	6
3925	6
3926	4
3927	5
3928	3
3929	6
3930	8
3931	3
3932	6
3933	3
3934	8
3935	6
3936	4
3937	10
3938	4
3939	4
3940	4
3941	7
3942	1
3943	7
3944	9
3945	6
3946	9
3947	4
3948	5
3949	5
3950	7
3951	9
3952	2
3953	15
3954	7
3955	4
3956	3
3957	6
3958	4
3959	12
3960	5
3961	8
3962	7
3963	8
3964	11
3965	7
3966	8
3967	7
3968	9
3969	9
3970	1
3971	5
3972	6
3973	5
3974	19
3975	6
3976	6
3977	5
3978	10
3979	5
3980	7
3981	5
3982	4
3983	4
3984	4
3985	9
3986	7
3987	4
3988	8
3989	12
3990	8
3991	11
3992	14
3993	10
3994	6
3995	9
3996	5
3997	6
3998	7
3999	7
4000	5
4001	5
4002	7
4003	6
4004	9
4005	26
4006	8
4007	8
4008	4
4009	6
4010	8
4011	10
4012	3
4013	7
4014	7
4015	6
4016	6
4017	4
4018	7
4019	8
4020	11
4021	5
4022	3
4023	6
4024	8
4025	5
4026	12
4027	5
4028	8
4029	3
4030	6
4031	7
4032	5
4033	2
4034	5
4035	1
4036	4
4037	7
4038	9
4039	7
4040	7
4041	8
4042	10
4043	4
4044	6
4045	5
4046	5
4047	5
4048	6
4049	6
4050	11
4051	5
4052	2
4053	7
4054	6
4055	3
4056	8
4057	8
4058	4
4059	7
4060	7
4061	6
4062	3
4063	10
4064	9
4065	10
4066	2
4067	7
4068	3
4069	7
4070	10
4071	11
4072	7
4073	9
4074	8
4075	3
4076	3
4077	3
4078	4
4079	8
4080	6
4081	4
4082	3
4083	7
4084	7
4085	8
4086	3
4087	8
4088	8
4089	5
4090	9
4091	3
4092	7
4093	6
4094	7
4095	4
4096	3
4097	9
4098	4
4099	7
4100	4
4101	5
4102	9
4103	2
4104	4
4105	11
4106	11
4107	7
4108	7
4109	6
4110	6
4111	3
4112	9
4113	6
4114	8
4115	9
4116	5
4117	9
4118	8
4119	10
4120	7
4121	9
4122	11
4123	4
4124	7
4125	8
4126	2
4127	11
4128	6
4129	6
4130	10
4131	5
4132	8
4133	4
4134	8
4135	8
4136	7
4137	7
4138	6
4139	5
4140	9
4141	5
4142	7
4143	6
4144	10
4145	8
4146	10
4147	6
4148	3
4149	5
4150	3
4151	8
4152	1
4153	7
4154	8
4155	12
4156	4
4157	8
4158	7
4159	5
4160	8
4161	6
4162	10
4163	6
4164	11
4165	5
4166	11
4167	5
4168	9
4169	5
4170	7
4171	7
4172	2
4173	9
4174	7
4175	10
4176	3
4177	9
4178	4
4179	4
4180	11
4181	9
4182	11
4183	5
4184	6
4185	5
4186	7
4187	6
4188	9
4189	6
4190	7
4191	10
4192	8
4193	4
4194	5
4195	11
4196	6
4197	7
4198	9
4199	4
4200	14
4201	7
4202	8
4203	5
4204	11
4205	8
4206	9
4207	3
4208	5
4209	9
4210	8
4211	5
4212	7
4213	6
4214	6
4215	5
4216	5
4217	6
4218	2
4219	9
4220	13
4221	6
4222	8
4223	6
4224	5
4225	5
4226	7
4227	7
4228	6
4229	4
4230	12
4231	7
4232	6
4233	5
4234	4
4235	7
4236	4
4237	11
4238	6
4239	6
4240	11
4241	10
4242	9
4243	7
4244	15
4245	8
4246	9
4247	6
4248	11
4249	6
4250	8
4251	7
4252	6
4253	5
4254	9
4255	4
4256	4
4257	10
4258	8
4259	4
4260	4
4261	3
4262	3
4263	8
4264	7
4265	5
4266	4
4267	8
4268	5
4269	5
4270	10
4271	7
4272	6
4273	8
4274	7
4275	5
4276	6
4277	9
4278	6
4279	4
4280	9
4281	5
4282	9
4283	5
4284	6
4285	5
4286	13
4287	4
4288	6
4289	6
4290	7
4291	5
4292	3
4293	5
4294	4
4295	6
4296	8
4297	5
4298	11
4299	8
4300	9
4301	7
4302	6
4303	4
4304	3
4305	5
4306	6
4307	6
4308	6
4309	7
4310	3
4311	10
4312	6
4313	4
4314	11
4315	4
4316	68
4317	3
4318	8
4319	8
4320	1
4321	9
4322	5
4323	4
4324	5
4325	11
4326	8
4327	5
4328	7
4329	3
4330	6
4331	3
4332	10
4333	5
4334	6
4335	3
4336	8
4337	13
4338	7
4339	9
4340	6
4341	6
4342	5
4343	6
4344	3
4345	12
4346	7
4347	14
4348	8
4349	7
4350	4
4351	4
4352	5
4353	9
4354	3
4355	7
4356	6
4357	7
4358	6
4359	5
4360	5
4361	9
4362	7
4363	6
4364	5
4365	11
4366	5
4367	6
4368	9
4369	8
4370	4
4371	8
4372	8
4373	9
4374	14
4375	7
4376	6
4377	7
4378	4
4379	3
4380	5
4381	8
4382	8
4383	7
4384	4
4385	1
4386	4
4387	5
4388	6
4389	6
4390	13
4391	7
4392	7
4393	5
4394	7
4395	2
4396	7
4397	7
4398	7
4399	13
4400	9
4401	6
4402	4
4403	8
4404	4
4405	6
4406	6
4407	6
4408	8
4409	7
4410	7
4411	7
4412	6
4413	9
4414	2
4415	11
4416	5
4417	10
4418	9
4419	7
4420	6
4421	6
4422	8
4423	7
4424	5
4425	8
4426	6
4427	4
4428	2
4429	5
4430	3
4431	1
4432	7
4433	3
4434	10
4435	4
4436	9
4437	7
4438	6
4439	7
4440	8
4441	9
4442	6
4443	3
4444	5
4445	3
4446	5
4447	5
4448	2
4449	11
4450	4
4451	5
4452	5
4453	11
4454	5
4455	4
4456	6
4457	9
4458	8
4459	7
4460	7
4461	4
4462	10
4463	6
4464	6
4465	6
4466	3
4467	5
4468	5
4469	6
4470	2
4471	6
4472	5
4473	9
4474	5
4475	3
4476	4
4477	10
4478	4
4479	9
4480	7
4481	6
4482	6
4483	2
4484	6
4485	6
4486	6
4487	9
4488	4
4489	8
4490	7
4491	10
4492	7
4493	8
4494	7
4495	7
4496	7
4497	6
4498	5
4499	8
4500	6
4501	4
4502	9
4503	5
4504	6
4505	4
4506	3
4507	11
4508	11
4509	9
4510	8
4511	8
4512	5
4513	7
4514	6
4515	4
4516	4
4517	6
4518	7
4519	5
4520	6
4521	7
4522	9
4523	8
4524	5
4525	7
4526	5
4527	6
4528	9
4529	8
4530	9
4531	9
4532	7
4533	4
4534	6
4535	6
4536	8
4537	3
4538	7
4539	15
4540	5
4541	7
4542	4
4543	5
4544	9
4545	6
4546	10
4547	4
4548	6
4549	6
4550	2
4551	7
4552	6
4553	3
4554	8
4555	4
4556	9
4557	5
4558	6
4559	5
4560	7
4561	5
4562	9
4563	4
4564	12
4565	5
4566	12
4567	6
4568	24
4569	12
4570	5
4571	8
4572	7
4573	13
4574	13
4575	4
4576	5
4577	6
4578	10
4579	4
4580	5
4581	6
4582	5
4583	5
4584	6
4585	2
4586	8
4587	4
4588	5
4589	5
4590	5
4591	7
4592	4
4593	4
4594	2
4595	4
4596	3
4597	4
4598	7
4599	5
4600	8
4601	3
4602	4
4603	8
4604	11
4605	5
4606	8
4607	3
4608	7
4609	4
4610	11
4611	5
4612	3
4613	4
4614	5
4615	5
4616	10
4617	14
4618	11
4619	8
4620	10
4621	4
4622	4
4623	4
4624	4
4625	5
4626	5
4627	11
4628	3
4629	6
4630	4
4631	6
4632	11
4633	5
4634	6
4635	10
4636	10
4637	2
4638	6
4639	12
4640	7
4641	7
4642	4
4643	1
4644	7
4645	6
4646	8
4647	7
4648	9
4649	5
4650	6
4651	8
4652	9
4653	8
4654	3
4655	6
4656	2
4657	5
4658	6
4659	5
4660	7
4661	5
4662	2
4663	5
4664	5
4665	6
4666	4
4667	8
4668	3
4669	8
4670	5
4671	8
4672	3
4673	4
4674	4
4675	7
4676	6
4677	6
4678	15
4679	7
4680	12
4681	7
4682	6
4683	8
4684	6
4685	6
4686	6
4687	8
4688	4
4689	5
4690	8
4691	13
4692	4
4693	4
4694	5
4695	2
4696	6
4697	5
4698	6
4699	3
4700	6
4701	2
4702	7
4703	8
4704	4
4705	9
4706	4
4707	7
4708	6
4709	7
4710	4
4711	9
4712	4
4713	5
4714	4
4715	10
4716	7
4717	3
4718	10
4719	5
4720	4
4721	6
4722	4
4723	2
4724	9
4725	7
4726	7
4727	7
4728	5
4729	6
4730	10
4731	11
4732	3
4733	8
4734	7
4735	15
4736	3
4737	6
4738	5
4739	12
4740	4
4741	9
4742	2
4743	7
4744	10
4745	6
4746	6
4747	6
4748	5
4749	13
4750	7
4751	10
4752	8
4753	6
4754	5
4755	4
4756	9
4757	5
4758	12
4759	5
4760	6
4761	7
4762	10
4763	6
4764	7
4765	5
4766	4
4767	7
4768	5
4769	6
4770	7
4771	13
4772	4
4773	5
4774	9
4775	6
4776	4
4777	7
4778	9
4779	5
4780	5
4781	4
4782	7
4783	6
4784	6
4785	8
4786	7
4787	4
4788	5
4789	8
4790	11
4791	9
4792	6
4793	7
4794	5
4795	7
4796	13
4797	6
4798	11
4799	6
4800	7
4801	7
4802	2
4803	0
4804	6
4805	10
4806	4
4807	3
4808	5
4809	10
4810	7
4811	8
4812	7
4813	7
4814	7
4815	13
4816	10
4817	7
4818	5
4819	10
4820	5
4821	8
4822	8
4823	9
4824	9
4825	9
4826	9
4827	5
4828	7
4829	6
4830	3
4831	7
4832	8
4833	5
4834	7
4835	11
4836	6
4837	5
4838	6
4839	4
4840	4
4841	6
4842	7
4843	12
4844	4
4845	9
4846	7
4847	5
4848	4
4849	9
4850	7
4851	9
4852	4
4853	4
4854	4
4855	7
4856	7
4857	7
4858	16
4859	6
4860	7
4861	6
4862	3
4863	5
4864	11
4865	3
4866	7
4867	7
4868	10
4869	6
4870	4
4871	6
4872	7
4873	10
4874	9
4875	5
4876	7
4877	11
4878	7
4879	18
4880	4
4881	12
4882	8
4883	6
4884	5
4885	7
4886	10
4887	8
4888	6
4889	4
4890	9
4891	10
4892	5
4893	3
4894	8
4895	1
4896	8
4897	7
4898	8
4899	5
4900	5
4901	2
4902	10
4903	9
4904	9
4905	10
4906	2
4907	11
4908	8
4909	2
4910	4
4911	6
4912	7
4913	6
4914	4
4915	4
4916	6
4917	7
4918	7
4919	6
4920	4
4921	5
4922	7
4923	5
4924	8
4925	8
4926	9
4927	6
4928	1
4929	8
4930	10
4931	6
4932	7
4933	10
4934	7
4935	9
4936	4
4937	6
4938	6
4939	8
4940	8
4941	11
4942	5
4943	10
4944	6
4945	7
4946	12
4947	6
4948	1
4949	5
4950	9
4951	11
4952	5
4953	10
4954	3
4955	5
4956	11
4957	9
4958	4
4959	7
4960	5
4961	6
4962	9
4963	9
4964	10
4965	9
4966	7
4967	7
4968	7
4969	7
4970	3
4971	5
4972	9
4973	3
4974	5
4975	6
4976	4
4977	1
4978	7
4979	5
4980	10
4981	8
4982	6
4983	9
4984	9
4985	6
4986	12
4987	3
4988	9
4989	11
4990	12
4991	7
4992	4
4993	8
4994	4
4995	4
4996	4
4997	0
4998	3
4999	10
5000	10
5001	8
5002	5
5003	4
5004	5
5005	7
5006	6
5007	8
5008	1
5009	5
5010	7
5011	6
5012	7
5013	8
5014	2
5015	6
5016	8
5017	9
5018	5
5019	4
5020	10
5021	7
5022	5
5023	6
5024	8
5025	10
5026	11
5027	9
5028	8
5029	10
5030	3
5031	10
5032	5
5033	5
5034	4
5035	6
5036	3
5037	8
5038	7
5039	3
5040	6
5041	3
5042	3
5043	10
5044	3
5045	8
5046	5
5047	4
5048	3
5049	9
5050	7
5051	12
5052	7
5053	9
5054	4
5055	4
5056	4
5057	9
5058	13
5059	6
5060	6
5061	2
5062	12
5063	9
5064	5
5065	4
5066	9
5067	4
5068	2
5069	7
5070	6
5071	8
5072	4
5073	5
5074	8
5075	5
5076	3
5077	6
5078	6
5079	4
5080	9
5081	9
5082	4
5083	5
5084	10
5085	5
5086	5
5087	8
5088	4
5089	7
5090	9
5091	10
5092	4
5093	8
5094	1
5095	4
5096	4
5097	3
5098	5
5099	9
5100	8
5101	7
5102	5
5103	1
5104	0
5105	9
5106	8
5107	5
5108	14
5109	8
5110	8
5111	8
5112	8
